;;;;;Carry over from 2011;;;;;;;;6729.36;ReconstructedFromGnuCash;;;
CD ST-HENRI VILLE-EMARD;81216;"EOP";2012/01/09;;"Depot au GA ??";;;1049.18;;;;;7778.54;ReconstructedFromGnuCash;Sales:PSREMOVED;;
CD ST-HENRI VILLE-EMARD;81216;"EOP";2012/01/24;;"Depot au GA ??";;;500;;;;;8278.54;ReconstructedFromGnuCash;Sales:SREMOVED;;
CD ST-HENRI VILLE-EMARD;81211;"EOP";2012/01/31;;"Frais fixes d'utilisation";;4.95;;;;;;8273.59;ReconstructedFromGnuCash;;;
CD ST-HENRI VILLE-EMARD;81211;"EOP";2012/02/28;;"Frais fixes d'utilisation";;4.95;;;;;;8268.64;ReconstructedFromGnuCash;;;
CD ST-HENRI VILLE-EMARD;81213;"EOP";2012/03/28;;"Virement - AccesD Internet";;1313.2;;;;;;6955.44;ReconstructedFromGnuCash;Payroll:Employee1;;
CD ST-HENRI VILLE-EMARD;81211;"EOP";2012/03/31;;"Frais fixes d'utilisation";;4.95;;;;;;6950.49;ReconstructedFromGnuCash;;;
CD ST-HENRI VILLE-EMARD;"81211";"EOP";2012/04/02;1;"Remise gouvernementale /Retenue a la source fed.";;104.99;;;;;;6845.5;ReconstructedFromPDF;;;
CD ST-HENRI VILLE-EMARD;"81211";"EOP";2012/04/02;2;"Remise gouvernementale /Retenue a la source Qc.";;225.64;;;;;;6619.86;ReconstructedFromPDF;;;
CD ST-HENRI VILLE-EMARD;"81211";"EOP";2012/04/02;3;Cheque/no 3;;2069.55;;;;;;4550.31;ReconstructedFromPDFi;Rent:QuoVadis;;
CD ST-HENRI VILLE-EMARD;"81211";"EOP";2012/04/03;4;"Remise gouvernementale TPS-TVQ /Paiement taxes TPS/TVQ";;473.29;;;;;;4077.02;ReconstructedFromPDF;;;
CD ST-HENRI VILLE-EMARD;"81211";"EOP";2012/04/12;5;Cheque/no 4;;364;;;;;;3713.02;ReconstructedFromPDF;Permits:Employee6;;
CD ST-HENRI VILLE-EMARD;"81211";"EOP";2012/04/23;6;"Virement - AccesD Internet";;;14000;;;;;17713.02;ReconstructedFromPDF;Sharholder:Employee3;;
CD ST-HENRI VILLE-EMARD;81213;"EOP";2012/04/30;;"Frais fixes d'utilisation";;4.95;;;;;;17708.07;ReconstructedFromExpectedMonthlyCharges;;;
CD ST-HENRI VILLE-EMARD;81211;"EOP";2012/05/02;1;Cheque/no 5;;1379.62;;;;;;16328.45;ReconstructedFromPDF;Payroll:Employee8;;
CD ST-HENRI VILLE-EMARD;81212;"EOP";2012/05/03;2;"Remise gouvernementale /Retenue a la source Qc.";;639.88;;;;;;15688.57;ReconstructedFromPDF;;;
CD ST-HENRI VILLE-EMARD;81213;"EOP";2012/05/03;3;"Remise gouvernementale /Retenue a la source fed.";;316.68;;;;;;15371.89;ReconstructedFromPDF;;;
CD ST-HENRI VILLE-EMARD;81214;"EOP";2012/05/09;4;"Virement - AccesD Internet";;1352.83;;;;;;14019.06;ReconstructedFromPDF;Payroll:Employee1;;
CD ST-HENRI VILLE-EMARD;81215;"EOP";2012/05/14;5;Cheque/no 6;;1379.62;;;;;;12639.44;ReconstructedFromPDF;Payroll:Employee8;;
CD ST-HENRI VILLE-EMARD;81216;"EOP";2012/05/24;6;Cheque/no 7;;1379.62;;;;;;11259.82;ReconstructedFromPDF;Payroll:Employee8;;
CD ST-HENRI VILLE-EMARD;81217;"EOP";2012/05/31;7;"Virement - AccesD Internet";;4.95;;;;;;11254.87;ReconstructedFromPDF;;;
CD ST-HENRI VILLE-EMARD;81212;"EOP";2012/06/04;1;"Remise gouvernementale /Retenue a la source Qc.";;1919.64;;;;;;9335.23;ReconstructedFromPDF;;;
CD ST-HENRI VILLE-EMARD;81213;"EOP";2012/06/04;2;"Remise gouvernementale /Retenue a la source fed.";;950.05;;;;;;8385.18;ReconstructedFromPDF;;;
CD ST-HENRI VILLE-EMARD;81211;"EOP";2012/06/04;3;"Virement - AccesD Internet";;1352.83;;;;;;7032.35;ReconstructedFromPDF;Payroll:Employee1;;
CD ST-HENRI VILLE-EMARD;81211;"EOP";2012/06/14;4;"Virement - AccesD Internet";;676.41;;;;;;6355.94;ReconstructedFromPDF;Payroll:Employee1;;
CD ST-HENRI VILLE-EMARD;81211;"EOP";2012/06/14;5;"Virement - AccesD Internet";;2759.25;;;;;;3596.69;ReconstructedFromPDF;Payroll:Employee8;;
CD ST-HENRI VILLE-EMARD;81216;"EOP";2012/06/25;6;"Virement - AccesD Internet";;;2000;;;;;5596.69;ReconstructedFromPDF;Shareholder:Employee3;;
CD ST-HENRI VILLE-EMARD;81216;"EOP";2012/06/28;7;"Depot au GA /CP PLACE DESJARDINS";;;1500;;;;;7096.69;ReconstructedFromPDF;Sales:CREMOVED;309;
CD ST-HENRI VILLE-EMARD;81211;"EOP";2012/06/29;8;"Frais fixes d'utilisation";;4.95;;;;;;7091.74;ReconstructedFromPDF;;;
CD ST-HENRI VILLE-EMARD;81216;"EOP";2012/07/03;1;Cheque/no 9;;2069.55;;;;;;5022.19;ReconstructedFromPDF;Rent:QuoVadis;;
CD ST-HENRI VILLE-EMARD;81212;"EOP";2012/07/09;2;"Remise gouvernementale /Retenue a la source Qc.";;1279.76;;;;;;3742.43;ReconstructedFromPDF;;;
CD ST-HENRI VILLE-EMARD;81213;"EOP";2012/07/09;3;"Remise gouvernementale /Retenue a la source fed.";;633.36;;;;;;3109.07;ReconstructedFromPDF;;;
CD ST-HENRI VILLE-EMARD;81213;"EOP";2012/07/09;4;"Virement - AccesD Internet";;1379.62;;;;;;1729.45;ReconstructedFromPDF;Payroll:Employee8;;
CD ST-HENRI VILLE-EMARD;81213;"EOP";2012/07/09;5;"Virement - AccesD Internet";;676.41;;;;;;1053.04;ReconstructedFromPDF;Payroll:Employee1;;
CD ST-HENRI VILLE-EMARD;81213;"EOP";2012/07/16;6;"Virement - AccesD Internet";;;500;;;;;1553.04;ReconstructedFromPDF;Shareholder:Employee1;;
CD ST-HENRI VILLE-EMARD;81213;"EOP";2012/07/16;7;"Virement - AccesD Internet";;1379.62;;;;;;173.42;ReconstructedFromPDF;Payroll:Employee8;;
CD ST-HENRI VILLE-EMARD;81213;"EOP";2012/07/23;8;"Depot au GA /CP DE LASALLE";;;2250.01;;;;;2423.43;ReconstructedFromPDF;Sales:BREMOVED;312;313
CD ST-HENRI VILLE-EMARD;81213;"EOP";2012/07/31;9;"Frais fixes d'utilisation";;4.95;;;;;;2418.48;ReconstructedFromPDF;;;
CD ST-HENRI VILLE-EMARD;81213;"EOP";2012/08/01;1;"Virement - AccesD Internet";;1379.62;;;;;;1038.86;ReconstructedFromPDF;Payroll:Employee8;;
CD ST-HENRI VILLE-EMARD;81213;"EOP";2012/08/01;2;"Virement - AccesD Internet";;;500;;;;;1538.86;ReconstructedFromPDF;Shareholder:Employee1;;
CD ST-HENRI VILLE-EMARD;81212;"EOP";2012/08/01;3;"Remise gouvernementale /Retenue a la source Qc.";;997.72;;;;;;541.14;ReconstructedFromPDF;;;
CD ST-HENRI VILLE-EMARD;81213;"EOP";2012/08/01;4;"Remise gouvernementale /Retenue a la source fed.";;503.78;;;;;;37.36;ReconstructedFromPDF;;;
CD ST-HENRI VILLE-EMARD;81216;"EOP";2012/08/07;5;"Depot au GA / CD ALLARD--SAINT-PAUL";;;750;;;;;787.36;ReconstructedFromPDF;Sales:CREMOVED;310;
CD ST-HENRI VILLE-EMARD;81216;"EOP";2012/08/15;6;"Depot au GA / CD ALLARD--SAINT-PAUL";;;2874.38;;;;;3661.74;ReconstructedFromPDF;Sales:RREMOVED;318;
CD ST-HENRI VILLE-EMARD;81216;"EOP";2012/08/28;7;"Depot au GA / PLACE DESJARDINS";;;750;;;;;4411.74;ReconstructedFromPDF;Sales:CREMOVED;311;
CD ST-HENRI VILLE-EMARD;81213;"EOP";2012/08/31;8;"Frais fixes d'utilisation";;4.95;;;;;;4406.79;ReconstructedFromPDF;;;
CD ST-HENRI VILLE-EMARD;81213;"EOP";2012/09/07;1;"Depot au GA /C.D.S. SAINT-PAUL";;;1500;;;;;5906.79;ReconstructedFromPDF;Sales:WREMOVED;315;
CD ST-HENRI VILLE-EMARD;81216;"EOP";2012/09/13;2;"Depot au GA /CP PLACE DESJARDINS";;;750;;;;;6656.79;ReconstructedFromPDF;Sales:WREMOVED;316;
CD ST-HENRI VILLE-EMARD;81213;"EOP";2012/09/28;3;"Frais fixes d'utilisation";;4.95;;;;;;6651.84;ReconstructedFromPDF;;;
CD ST-HENRI VILLE-EMARD;81213;"EOP";2012/10/09;1;Cheque/no 10;;2069.55;;;;;;4582.29;ReconstructedFromPDF;Rent:QuoVadis;;
CD ST-HENRI VILLE-EMARD;81216;"EOP";2012/10/26;2;"Depot au GA / GAHS N-D-DE-LA-GARDE";;;3000;;;;;7582.29;ReconstructedFromPDF;Sales:TREMOVED;319;
CD ST-HENRI VILLE-EMARD;81216;"EOP";2012/10/30;3;"Depot au GA /CP PLACE DESJARDINS";;;6610.13;;;;;14192.42;ReconstructedFromPDF;Sales:WSX;322;6610.13
CD ST-HENRI VILLE-EMARD;81213;"EOP";2012/10/31;4;"Frais fixes d'utilisation";;4.95;;;;;;14187.47;ReconstructedFromPDF;;;
CD ST-HENRI VILLE-EMARD;81213;"EOP";2012/11/09;1;Paiement / D+H;;145.62;;;;;;14041.85;ReconstructedFromPDF;Bank;;
CD ST-HENRI VILLE-EMARD;81213;"EOP";2012/11/15;2;Cheque/no 1;;4259.94;;;;;;9781.91;ReconstructedFromPDF;Payroll:Employee1;;
CD ST-HENRI VILLE-EMARD;81213;"EOP";2012/11/15;3;Cheque/no 3;;776.98;;;;;;9004.93;ReconstructedFromPDF;Payroll:Employee11;;
CD ST-HENRI VILLE-EMARD;81213;"EOP";2012/11/15;4;Cheque/no 8;;5000;;;;;;4004.93;ReconstructedFromPDF;Services:Employee6;;
CD ST-HENRI VILLE-EMARD;81216;"EOP";2012/11/19;5;"Depot au comptoir /CAISSE CENTRALE DESJ.     ";;;8965;;;;;12969.93;ReconstructedFromPDF;Sales:WSX;323;8975
CD ST-HENRI VILLE-EMARD;81213;"EOP";2012/11/30;6;"Remise gouvernementale TPS-TVQ /Paiement taxes TPS/TVQ";;596.97;;;;;;12372.96;ReconstructedFromPDF;;;
CD ST-HENRI VILLE-EMARD;81213;"EOP";2012/11/30;7;Cheque/no 5;;1198.2;;;;;;11174.76;ReconstructedFromPDF;Payroll:Employee1;;
CD ST-HENRI VILLE-EMARD;81213;"EOP";2012/11/30;8;Cheque/no 4;;984.65;;;;;;10190.11;ReconstructedFromPDF;Payroll:Employee11;;
CD ST-HENRI VILLE-EMARD;81213;"EOP";2012/11/30;9;"Frais d'utilisation";;1.25;;;;;;10188.86;ReconstructedFromPDF;;;
CD ST-HENRI VILLE-EMARD;81213;"EOP";2012/11/30;10;"Frais fixes d'utilisation";;4.95;;;;;;10183.91;ReconstructedFromPDF;;;
CD ST-HENRI VILLE-EMARD;81213;"EOP";2012/12/12;1;"Remise gouvernementale /Retenue a la source Qc.";;2758.33;;;;;;7425.58;ReconstructedFromPDF;;;
CD ST-HENRI VILLE-EMARD;81213;"EOP";2012/12/12;2;"Remise gouvernementale /Retenue a la source fed.";;1013.72;;;;;;6411.86;ReconstructedFromPDF;;;
CD ST-HENRI VILLE-EMARD;81213;"EOP";2012/12/24;3;Cheque/no 8;;1157.05;;;;;;5254.81;ReconstructedFromPDF;Payroll:Employee11;;
CD ST-HENRI VILLE-EMARD;81213;"EOP";2012/12/28;4;Cheque/no 6;;676.41;;;;;;4578.4;ReconstructedFromPDF;Payroll:Employee2;;
CD ST-HENRI VILLE-EMARD;81213;"EOP";2012/12/28;5;"Virement - AccesD Internet";;;17000;;;;;21578.4;ReconstructedFromPDF;Shareholder:Employee3;;
CD ST-HENRI VILLE-EMARD;81212;"EOP";2012/12/28;6;"Remise gouvernementale /Retenue a la source Qc.";;5342.14;;;;;;16236.26;ReconstructedFromPDF;;;
CD ST-HENRI VILLE-EMARD;81213;"EOP";2012/12/28;7;"Remise gouvernementale /Retenue a la source fed.";;2152.86;;;;;;14083.4;ReconstructedFromPDF;;;
CD ST-HENRI VILLE-EMARD;81213;"EOP";2012/12/28;8;"Virement - AccesD Internet";;9585.6;;;;;;4497.8;ReconstructedFromPDF;Payroll:Employee1;;
CD ST-HENRI VILLE-EMARD;81213;"EOP";2012/12/31;9;"Frais fixes d'utilisation";;4.95;;;;;;4492.85;ReconstructedFromPDF;;;
