CD ST-HENRI VILLE-EMARD,81216,"EOP",2013/07/03,1,Cheque/no 9,"",2069.55,"","","","","",5022.19
CD ST-HENRI VILLE-EMARD,81212,"EOP",2013/07/09,2,"Remise gouvernementale /Retenue a la source Qc.","",1279.76,"","","","","",3742.43
CD ST-HENRI VILLE-EMARD,81213,"EOP",2013/07/09,3,"Remise gouvernementale /Retenue a la source fed.","",633.36,"","","","","",3109.07
CD ST-HENRI VILLE-EMARD,81213,"EOP",2013/07/09,4,"Virement - AccesD Internet","",1379.62,"","","","","",1729.45
CD ST-HENRI VILLE-EMARD,81213,"EOP",2013/07/09,5,"Virement - AccesD Internet","",676.41,"","","","","",1053.04
CD ST-HENRI VILLE-EMARD,81213,"EOP",2013/07/16,6,"Virement - AccesD Internet","",“”,500,"","","","",1553.04
CD ST-HENRI VILLE-EMARD,81213,"EOP",2013/07/16,7,"Virement - AccesD Internet","",1379.62,"","","","","",173.42
CD ST-HENRI VILLE-EMARD,81213,"EOP",2013/07/23,8,"Depot au GA /CP DE LASALLE","",“”,2250.01,"","","","",2423.43
CD ST-HENRI VILLE-EMARD,81213,"EOP",2013/07/31,9,"Frais fixes d'utilisation","",4.95,"","","","","",2418.48
